bg 768 432 0.0 0.0 0.375 0.2109375
bg_2 400 432 0.75390625 0.0 0.1953125 0.2109375
bg_night 768 432 0.37695312 0.0 0.375 0.2109375
bg_night_2 400 432 0.0 0.21289062 0.1953125 0.2109375
bird0_0 56 48 0.11425781 0.6826172 0.02734375 0.0234375
bird0_1 56 48 0.15234375 0.6826172 0.02734375 0.0234375
bird0_2 56 48 0.076171875 0.71875 0.02734375 0.0234375
bird1_0 56 48 0.10546875 0.71875 0.02734375 0.0234375
bird1_1 56 48 0.13476562 0.71875 0.02734375 0.0234375
bird1_2 56 48 0.1640625 0.71875 0.02734375 0.0234375
bird2_0 56 48 0.0 0.74902344 0.02734375 0.0234375
bird2_1 56 48 0.029296875 0.74902344 0.02734375 0.0234375
bird2_2 56 48 0.05859375 0.74902344 0.02734375 0.0234375
black 32 32 0.9511719 0.19335938 0.015625 0.015625
blink_00 10 10 0.19042969 0.4814453 0.0048828125 0.0048828125
blink_01 10 10 0.13476562 0.53125 0.0048828125 0.0048828125
blink_02 10 10 0.13476562 0.53808594 0.0048828125 0.0048828125
brand_copyright 126 14 0.11816406 0.46777344 0.061523438 0.0068359375
button_continue 74 58 0.0546875 0.6777344 0.036132812 0.028320312
button_continue_selected 74 58 0.14746094 0.6171875 0.036132812 0.028320312
button_disable 64 68 0.9511719 0.15820312 0.03125 0.033203125
button_enable 64 68 0.12109375 0.5498047 0.03125 0.033203125
button_exit 74 58 0.11425781 0.65234375 0.036132812 0.028320312
button_exit_selected 74 58 0.15234375 0.65234375 0.036132812 0.028320312
button_rate 74 48 0.12109375 0.5917969 0.036132812 0.0234375
button_score 74 58 0.0 0.71875 0.036132812 0.028320312
button_score_selected 74 58 0.038085938 0.71875 0.036132812 0.028320312
draw 188 82 0.02734375 0.5498047 0.091796875 0.040039062
egg_p1 24 24 0.9863281 0.19335938 0.01171875 0.01171875
egg_p2 24 24 0.18164062 0.46777344 0.01171875 0.01171875
font_048 24 44 0.984375 0.15820312 0.01171875 0.021484375
font_049 16 44 0.9921875 0.0 0.0078125 0.021484375
font_050 24 44 0.09277344 0.6777344 0.01171875 0.021484375
font_051 24 44 0.18164062 0.6826172 0.01171875 0.021484375
font_052 24 44 0.17578125 0.74902344 0.01171875 0.021484375
font_053 24 44 0.10449219 0.77441406 0.01171875 0.021484375
font_054 24 44 0.11816406 0.77441406 0.01171875 0.021484375
font_055 24 44 0.13183594 0.77441406 0.01171875 0.021484375
font_056 24 44 0.14550781 0.77441406 0.01171875 0.021484375
font_057 24 44 0.15917969 0.77441406 0.01171875 0.021484375
gameover 188 48 0.02734375 0.5917969 0.091796875 0.0234375
ghost_0 48 48 0.087890625 0.6425781 0.0234375 0.0234375
ghost_1 48 48 0.0 0.79785156 0.0234375 0.0234375
go 58 48 0.15917969 0.5917969 0.028320312 0.0234375
ground 792 140 0.19726562 0.21289062 0.38671875 0.068359375
indicator_p1 14 10 0.18652344 0.4609375 0.0068359375 0.0048828125
indicator_p2 14 10 0.18164062 0.4814453 0.0068359375 0.0048828125
lose 164 82 0.111328125 0.4892578 0.080078125 0.040039062
medals_0 44 44 0.9785156 0.1015625 0.021484375 0.021484375
medals_1 44 44 0.9785156 0.125 0.021484375 0.021484375
medals_2 44 44 0.057617188 0.77441406 0.021484375 0.021484375
medals_3 44 44 0.08105469 0.77441406 0.021484375 0.021484375
milestone_0 54 44 0.029296875 0.77441406 0.026367188 0.021484375
milestone_1 56 44 0.087890625 0.74902344 0.02734375 0.021484375
milestone_2 56 44 0.1171875 0.74902344 0.02734375 0.021484375
milestone_3 56 44 0.14648438 0.74902344 0.02734375 0.021484375
milestone_4 56 44 0.0 0.77441406 0.02734375 0.021484375
mode_1p 64 68 0.15429688 0.5498047 0.03125 0.033203125
mode_pvp 64 68 0.0546875 0.6425781 0.03125 0.033203125
new 32 14 0.9785156 0.1484375 0.015625 0.0068359375
number_context_00 12 14 0.9941406 0.18164062 0.005859375 0.0068359375
number_context_01 12 14 0.14648438 0.4765625 0.005859375 0.0068359375
number_context_02 12 14 0.15429688 0.4765625 0.005859375 0.0068359375
number_context_03 12 14 0.16210938 0.4765625 0.005859375 0.0068359375
number_context_04 12 14 0.16992188 0.4765625 0.005859375 0.0068359375
number_context_05 12 14 0.111328125 0.53125 0.005859375 0.0068359375
number_context_06 12 14 0.111328125 0.54003906 0.005859375 0.0068359375
number_context_07 12 14 0.119140625 0.53125 0.005859375 0.0068359375
number_context_08 12 14 0.119140625 0.54003906 0.005859375 0.0068359375
number_context_09 12 14 0.12695312 0.53125 0.005859375 0.0068359375
number_context_10 12 14 0.12695312 0.54003906 0.005859375 0.0068359375
number_context_11 14 14 0.13769531 0.4765625 0.0068359375 0.0068359375
number_score_00 16 20 0.9921875 0.0234375 0.0078125 0.009765625
number_score_01 16 20 0.9921875 0.03515625 0.0078125 0.009765625
number_score_02 16 20 0.9921875 0.05078125 0.0078125 0.009765625
number_score_03 16 20 0.9921875 0.0625 0.0078125 0.009765625
number_score_04 16 20 0.9921875 0.07421875 0.0078125 0.009765625
number_score_05 16 20 0.9921875 0.0859375 0.0078125 0.009765625
number_score_06 16 20 0.984375 0.18164062 0.0078125 0.009765625
number_score_07 16 20 0.18652344 0.42578125 0.0078125 0.009765625
number_score_08 16 20 0.18652344 0.4375 0.0078125 0.009765625
number_score_09 16 20 0.18652344 0.44921875 0.0078125 0.009765625
pipe_down 52 320 0.9511719 0.0 0.025390625 0.15625
pipe_up 52 320 0.0 0.5498047 0.025390625 0.15625
play 64 68 0.11425781 0.6171875 0.03125 0.033203125
progress_bar 260 18 0.0 0.7080078 0.12695312 0.0087890625
ready 174 48 0.02734375 0.6171875 0.08496094 0.0234375
score_panel 238 126 0.0 0.42578125 0.11621094 0.061523438
selector_p1 24 100 0.9785156 0.0 0.01171875 0.048828125
selector_p2 24 100 0.9785156 0.05078125 0.01171875 0.048828125
small_egg_p1 16 16 0.11816406 0.4765625 0.0078125 0.0078125
small_egg_p2 16 16 0.12792969 0.4765625 0.0078125 0.0078125
title 224 120 0.0 0.4892578 0.109375 0.05859375
tutorial 52 130 0.02734375 0.6425781 0.025390625 0.06347656
white 32 32 0.96875 0.19335938 0.015625 0.015625
win 136 82 0.11816406 0.42578125 0.06640625 0.040039062
